1 0.08828125 0.35546875 0.08046875 0.1234375
1 0.496875 0.3640625 0.05703125 0.09296875
1 0.5703125 0.3609375 0.0546875 0.1046875
1 0.37421875 0.36484375 0.05 0.103125
2 0.66328125 0.3953125 0.03046875 0.078125
2 0.4453125 0.371875 0.0328125 0.08125
2 0.62890625 0.390625 0.028125 0.04765625
2 0.1703125 0.3875 0.0609375 0.1640625
2 0.334375 0.38046875 0.0234375 0.103125
2 0.40625 0.36484375 0.02890625 0.12890625
2 0.30390625 0.378125 0.0296875 0.10546875
2 0.52890625 0.3890625 0.0359375 0.11640625