1 0.34453125 0.3640625 0.09375 0.10546875
1 0.49765625 0.3609375 0.0875 0.0984375
2 0.4296875 0.41328125 0.0625 0.1171875
1 0.56484375 0.3609375 0.06171875 0.08828125
2 0.26171875 0.38125 0.0421875 0.09921875
2 0.03203125 0.36484375 0.05625 0.0703125
2 0.203125 0.39296875 0.0453125 0.11171875
2 0.6640625 0.39296875 0.0328125 0.08359375
2 0.23515625 0.371875 0.03515625 0.1078125
2 0.62890625 0.3890625 0.03984375 0.0484375
2 0.153125 0.39375 0.05234375 0.1734375
2 0.103125 0.38984375 0.04140625 0.1515625