2 0.35390625 0.659375 0.0921875 0.19921875
2 0.9015625 0.5625 0.04296875 0.10703125
2 0.85859375 0.55703125 0.0546875 0.07734375
3 0.44375 0.53828125 0.05078125 0.0984375
2 0.3140625 0.559375 0.0234375 0.09296875
2 0.07421875 0.659375 0.1484375 0.296875
2 0.2453125 0.56484375 0.06171875 0.090625
2 0.5875 0.58046875 0.03984375 0.103125
2 0.6515625 0.625 0.05078125 0.1390625
2 0.7140625 0.615625 0.0421875 0.1234375
2 0.7796875 0.6015625 0.04296875 0.146875
2 0.5140625 0.55859375 0.015625 0.05546875
2 0.471875 0.5765625 0.06171875 0.0890625
2 0.5390625 0.55 0.02109375 0.0640625