2 0.1171875 0.6015625 0.10390625 0.21796875
2 0.22265625 0.58125 0.06640625 0.20234375
2 0.32734375 0.67265625 0.09375 0.18671875
2 0.5953125 0.66796875 0.0640625 0.1515625
2 0.68671875 0.578125 0.0203125 0.07109375
2 0.77265625 0.60625 0.021875 0.05234375
2 0.39921875 0.5890625 0.05078125 0.15234375
2 0.46484375 0.5875 0.04765625 0.1046875
2 0.73671875 0.621875 0.04140625 0.0828125
2 0.03125 0.6234375 0.0625 0.13046875
2 0.4921875 0.59453125 0.03984375 0.1109375
2 0.825 0.67421875 0.059375 0.15703125