2 0.1859375 0.703125 0.165625 0.3140625
2 0.46640625 0.66484375 0.10234375 0.2296875
2 0.10234375 0.58359375 0.08125 0.175
2 0.6328125 0.5734375 0.0265625 0.075
2 0.96875 0.565625 0.0625 0.35546875
2 0.58515625 0.56953125 0.0375 0.09765625
1 0.92890625 0.55703125 0.03359375 0.053125
2 0.5421875 0.5984375 0.0546875 0.1296875
2 0.90390625 0.57890625 0.03046875 0.0703125
2 0.32890625 0.59609375 0.1484375 0.14453125
2 0.2828125 0.6015625 0.07421875 0.13671875
2 0.746875 0.68203125 0.08046875 0.2140625
2 0.8640625 0.67578125 0.0625 0.17890625
2 0.68828125 0.584375 0.01875 0.10703125