3 0.48203125 0.3484375 0.08046875 0.1296875
2 0.1265625 0.3921875 0.06796875 0.14609375
1 0.3375 0.38359375 0.06328125 0.071875
2 0.59453125 0.3890625 0.04765625 0.078125
2 0.38984375 0.44140625 0.078125 0.17265625
2 0.23046875 0.3640625 0.03671875 0.12265625
2 0.55078125 0.38671875 0.04296875 0.07890625
2 0.184375 0.37578125 0.03515625 0.08046875
2 0.60234375 0.3796875 0.028125 0.0609375
2 0.0671875 0.36171875 0.0625 0.075
2 0.2625 0.38046875 0.05 0.10078125
2 0.165625 0.36796875 0.03359375 0.078125