2 0.3796875 0.44921875 0.09140625 0.203125
2 0.30703125 0.39296875 0.04296875 0.0953125
2 0.5640625 0.3890625 0.03671875 0.090625
2 0.1171875 0.3765625 0.075 0.21015625
2 0.178125 0.39375 0.053125 0.165625
2 0.2453125 0.41015625 0.0578125 0.165625
2 0.309375 0.40546875 0.03828125 0.15234375
2 0.5078125 0.37890625 0.03359375 0.13203125
2 0.62265625 0.3953125 0.0359375 0.090625
3 0.4921875 0.36328125 0.06484375 0.1703125
1 0.2265625 0.36015625 0.125 0.13203125
1 0.33515625 0.34921875 0.0625 0.20234375