2 0.4671875 0.70703125 0.09609375 0.22578125
2 0.54296875 0.65703125 0.065625 0.146875
2 0.20234375 0.615625 0.08515625 0.1734375
3 0.640625 0.56796875 0.040625 0.0765625
2 0.25859375 0.6 0.06015625 0.1484375
2 0.071875 0.61875 0.08359375 0.13203125
2 0.40546875 0.59453125 0.0390625 0.1015625
2 0.87578125 0.5765625 0.02421875 0.0546875
1 0.609375 0.55859375 0.02578125 0.04921875
2 0.69296875 0.62421875 0.05 0.1109375
2 0.753125 0.60625 0.03046875 0.0671875
2 0.321875 0.6046875 0.05078125 0.115625
2 0.82421875 0.67421875 0.0859375 0.1625