2 0.30625 0.66796875 0.11953125 0.24296875
2 0.8640625 0.53359375 0.0484375 0.08671875
2 0.90390625 0.53984375 0.04453125 0.11171875
2 0.13828125 0.553125 0.04453125 0.0796875
2 0.5734375 0.575 0.04140625 0.1
2 0.6515625 0.6078125 0.05078125 0.1265625
2 0.715625 0.60234375 0.03515625 0.11796875
2 0.78125 0.58671875 0.06015625 0.134375
2 0.465625 0.57265625 0.07109375 0.07109375
2 0.51875 0.540625 0.0328125 0.06953125
2 0.54453125 0.540625 0.015625 0.0515625
2 0.4015625 0.56875 0.0296875 0.090625