3 0.66875 0.53515625 0.07890625 0.20859375
2 0.1078125 0.60703125 0.1078125 0.23046875
2 0.73046875 0.7421875 0.12890625 0.26015625
2 0.31015625 0.575 0.046875 0.090625
2 0.24140625 0.59453125 0.06015625 0.16015625
2 0.94921875 0.6140625 0.03203125 0.0765625
2 0.9890625 0.60078125 0.0171875 0.0453125
2 0.43671875 0.66015625 0.09453125 0.23515625
2 0.26875 0.58046875 0.12265625 0.14609375
1 0.821875 0.515625 0.05234375 0.0765625
2 0.5296875 0.6 0.03203125 0.1140625
2 0.8765625 0.7203125 0.09765625 0.20703125