1 0.5265625 0.54140625 0.06484375 0.08203125
2 0.046875 0.62578125 0.09375 0.20234375
2 0.140625 0.58984375 0.059375 0.1453125
1 0.74921875 0.571875 0.028125 0.04921875
2 0.96171875 0.59140625 0.034375 0.053125
2 0.89140625 0.5953125 0.02890625 0.0515625
2 0.9734375 0.5875 0.0515625 0.07109375
2 0.6921875 0.72421875 0.09765625 0.26796875
2 0.82421875 0.7140625 0.084375 0.2
2 0.315625 0.5796875 0.053125 0.140625
2 0.5703125 0.57734375 0.03515625 0.0875
2 0.60859375 0.57890625 0.0203125 0.06953125