2 0.3015625 0.578125 0.1046875 0.0953125
2 0.965625 0.55546875 0.04453125 0.1140625
2 0.4265625 0.584375 0.0953125 0.0953125
3 0.4828125 0.53515625 0.0703125 0.10859375
2 0.92578125 0.54140625 0.0609375 0.10859375
2 0.60859375 0.546875 0.0265625 0.06328125
2 0.053125 0.6890625 0.103125 0.6078125
2 0.10390625 0.559375 0.04921875 0.103125
2 0.54375 0.6078125 0.05625 0.134375
2 0.50625 0.55703125 0.0234375 0.075
2 0.634375 0.5921875 0.0296875 0.0984375
2 0.675 0.6296875 0.0484375 0.14609375
2 0.7421875 0.6203125 0.0421875 0.1375
2 0.82109375 0.625 0.0546875 0.171875