1 0.05546875 0.5734375 0.1078125 0.40546875
2 0.16328125 0.61875 0.0859375 0.1453125
2 0.42421875 0.68203125 0.1125 0.2125
2 0.50390625 0.60390625 0.03828125 0.0890625
2 0.728125 0.61953125 0.034375 0.065625
2 0.91875 0.5890625 0.03359375 0.03828125
1 0.6109375 0.5671875 0.03359375 0.0515625
1 0.76171875 0.58203125 0.05 0.08359375
2 0.70625 0.5765625 0.021875 0.06484375
2 0.2859375 0.75703125 0.17890625 0.321875
2 0.64765625 0.63671875 0.0453125 0.12890625
2 0.8171875 0.67265625 0.07265625 0.159375
2 0.57734375 0.596875 0.0328125 0.09609375
2 0.5359375 0.60234375 0.02734375 0.1125