2 0.50546875 0.66796875 0.071875 0.16171875
2 0.07109375 0.6234375 0.10859375 0.159375
2 0.2453125 0.61640625 0.07109375 0.1546875
1 0.61484375 0.5640625 0.0328125 0.053125
2 0.74453125 0.60703125 0.03671875 0.06796875
1 0.63984375 0.5703125 0.03046875 0.07265625
2 0.9203125 0.584375 0.03125 0.0421875
2 0.29296875 0.61171875 0.04375 0.128125
2 0.4234375 0.71953125 0.115625 0.26640625
2 0.3421875 0.603125 0.04609375 0.10703125
2 0.678125 0.6359375 0.04921875 0.11640625
2 0.825 0.6640625 0.08203125 0.15859375