2 0.2234375 0.7109375 0.1515625 0.2734375
2 0.63125 0.5703125 0.02890625 0.08984375
2 0.04140625 0.578125 0.0828125 0.2015625
2 0.4921875 0.678125 0.096875 0.19609375
2 0.93125 0.5796875 0.03125 0.0703125
2 0.5671875 0.61015625 0.04765625 0.13203125
2 0.34765625 0.59765625 0.121875 0.16171875
1 0.60234375 0.54375 0.02734375 0.05234375
1 0.9578125 0.5578125 0.0359375 0.05234375
2 0.38125 0.6078125 0.06015625 0.13828125
2 0.76640625 0.7046875 0.0890625 0.25390625
2 0.88125 0.68984375 0.06875 0.209375
2 0.69453125 0.58671875 0.0265625 0.1234375