2 0.06875 0.6046875 0.06953125 0.17421875
1 0.50703125 0.55078125 0.046875 0.071875
2 0.946875 0.6015625 0.0421875 0.0546875
2 0.90390625 0.59296875 0.02265625 0.05703125
2 0.8796875 0.603125 0.0296875 0.046875
2 0.85546875 0.60703125 0.028125 0.065625
2 0.89453125 0.6015625 0.03515625 0.04609375
2 0.2734375 0.59453125 0.05078125 0.14140625
2 0.5421875 0.58984375 0.0328125 0.090625
2 0.584375 0.584375 0.01953125 0.07890625
2 0.6125 0.58359375 0.02109375 0.08046875
2 0.6765625 0.7328125 0.07890625 0.2734375
2 0.8125 0.721875 0.09765625 0.21640625