2 0.3546875 0.38359375 0.03046875 0.0734375
2 0.21796875 0.43515625 0.06875 0.253125
2 0.29765625 0.44140625 0.103125 0.28046875
2 0.35625 0.3734375 0.0359375 0.09765625
2 0.409375 0.38125 0.0421875 0.1
2 0.4890625 0.43984375 0.06640625 0.2125
2 0.55625 0.3828125 0.04921875 0.1390625
2 0.609375 0.3859375 0.034375 0.09921875
1 0.41328125 0.37109375 0.075 0.12109375
3 0.13203125 0.31796875 0.2140625 0.2234375
3 0.47734375 0.34609375 0.07734375 0.153125
3 0.5484375 0.35234375 0.046875 0.14765625
1 0.6046875 0.36015625 0.05234375 0.109375