1 0.32734375 0.3546875 0.1109375 0.12578125
3 0.43125 0.3421875 0.084375 0.1359375
2 0.1359375 0.38515625 0.04375 0.10703125
2 0.09609375 0.38984375 0.04375 0.11328125
1 0.5546875 0.3703125 0.03828125 0.0609375
2 0.3984375 0.36484375 0.04453125 0.10703125
2 0.02421875 0.39296875 0.04609375 0.12578125
2 0.6109375 0.3875 0.04375 0.07890625
2 0.19609375 0.375 0.04453125 0.16171875
2 0.2265625 0.38046875 0.04765625 0.12109375
2 0.2625 0.37421875 0.03359375 0.1265625
2 0.49140625 0.3671875 0.021875 0.103125
2 0.5171875 0.375 0.05625 0.0953125