2 0.08203125 0.625 0.08828125 0.2
2 0.2546875 0.621875 0.0859375 0.19296875
2 0.64296875 0.73359375 0.12578125 0.25859375
2 0.35703125 0.6046875 0.08125 0.1484375
2 0.4546875 0.58203125 0.02578125 0.09140625
2 0.5859375 0.61875 0.04296875 0.109375
2 0.93203125 0.590625 0.05390625 0.06796875
2 0.88984375 0.5890625 0.03046875 0.0625
2 0.8609375 0.6015625 0.021875 0.04453125
2 0.7921875 0.71640625 0.08984375 0.2109375
2 0.53359375 0.6578125 0.046875 0.159375
2 0.49609375 0.6421875 0.04375 0.14296875