1 0.11484375 0.35078125 0.14296875 0.1453125
2 0.0359375 0.36875 0.071875 0.1140625
2 0.225 0.378125 0.06953125 0.1625
2 0.1796875 0.36796875 0.06015625 0.16484375
2 0.25078125 0.36328125 0.05078125 0.1328125
2 0.31015625 0.37734375 0.03828125 0.1234375
2 0.2703125 0.375 0.0421875 0.1203125
2 0.40546875 0.3859375 0.08359375 0.13671875
2 0.62421875 0.359375 0.04921875 0.1484375
3 0.384375 0.30625 0.121875 0.209375
3 0.465625 0.33125 0.06171875 0.1609375
3 0.50625 0.33671875 0.0484375 0.13046875
3 0.53828125 0.334375 0.04375 0.13984375
3 0.55546875 0.33984375 0.053125 0.13203125