3 0.509375 0.35 0.08984375 0.17109375
2 0.30390625 0.3875 0.04375 0.1078125
2 0.16171875 0.3859375 0.05546875 0.13046875
2 0.2640625 0.38671875 0.04296875 0.11171875
2 0.03828125 0.403125 0.0765625 0.20859375
2 0.08046875 0.38984375 0.05078125 0.1625
2 0.2109375 0.38828125 0.06484375 0.16015625
2 0.3359375 0.38359375 0.04140625 0.12265625
2 0.38515625 0.38828125 0.034375 0.11328125
2 0.58984375 0.36640625 0.046875 0.134375
3 0.4515625 0.328125 0.071875 0.178125
3 0.22109375 0.33125 0.228125 0.1484375