1 0.5046875 0.55234375 0.05625 0.0828125
2 0.06796875 0.6390625 0.125 0.23515625
2 0.26171875 0.59375 0.05859375 0.1375
2 0.19921875 0.6140625 0.0890625 0.1734375
2 0.92890625 0.5875 0.04140625 0.0640625
2 0.1421875 0.60859375 0.05859375 0.1546875
2 0.3734375 0.596875 0.04453125 0.14609375
2 0.42265625 0.58984375 0.0484375 0.115625
2 0.4703125 0.57890625 0.0359375 0.1
2 0.6609375 0.728125 0.0859375 0.25859375
2 0.78515625 0.71484375 0.0890625 0.23203125
2 0.60234375 0.6296875 0.0296875 0.1265625