2 0.21171875 0.77109375 0.2984375 0.45234375
2 0.3703125 0.5796875 0.04140625 0.1046875
2 0.65703125 0.57265625 0.01953125 0.06171875
2 0.784375 0.5953125 0.028125 0.0671875
2 0.03671875 0.62265625 0.07265625 0.22890625
2 0.0703125 0.60625 0.0609375 0.13125
2 0.9046875 0.5671875 0.01953125 0.04453125
2 0.9265625 0.57734375 0.028125 0.0359375
2 0.58046875 0.7203125 0.11875 0.2875
2 0.83125 0.66328125 0.06953125 0.1484375
2 0.728125 0.62734375 0.02578125 0.0984375
2 0.70234375 0.6171875 0.0265625 0.0765625