1 0.52734375 0.54609375 0.0703125 0.0828125
2 0.090625 0.61953125 0.1 0.203125
2 0.16953125 0.58359375 0.0609375 0.15859375
2 0.328125 0.5796875 0.06875 0.13203125
2 0.96015625 0.5953125 0.03828125 0.05234375
2 0.940625 0.5875 0.05625 0.065625
2 0.884375 0.596875 0.025 0.05078125
1 0.74609375 0.57421875 0.028125 0.05
2 0.89140625 0.5890625 0.034375 0.06640625
2 0.615625 0.58203125 0.0296875 0.071875
2 0.5828125 0.58671875 0.03671875 0.0875
2 0.69140625 0.7390625 0.1046875 0.26953125
2 0.821875 0.70859375 0.08203125 0.2390625