2 0.059375 0.6203125 0.10703125 0.22578125
1 0.96484375 0.59375 0.0328125 0.03515625
2 0.48359375 0.58671875 0.04609375 0.115625
2 0.2875 0.57421875 0.0921875 0.09921875
2 0.30703125 0.57578125 0.05 0.08984375
2 0.72734375 0.73671875 0.13046875 0.26953125
2 0.4625 0.5890625 0.08203125 0.1203125
1 0.57734375 0.55 0.065625 0.065625
2 0.44609375 0.596875 0.04453125 0.11796875
2 0.878125 0.734375 0.08671875 0.25859375
2 0.5734375 0.58046875 0.02578125 0.078125
2 0.6234375 0.5875 0.03359375 0.06953125