2 0.13359375 0.49375 0.146875 0.30703125
2 0.5546875 0.42890625 0.04921875 0.12109375
2 0.2484375 0.38984375 0.06328125 0.12265625
2 0.36484375 0.38046875 0.05234375 0.096875
2 0.4484375 0.43515625 0.07421875 0.1546875
2 0.30546875 0.38515625 0.0328125 0.0875
2 0.40546875 0.38203125 0.02578125 0.07578125
2 0.50625 0.38359375 0.04296875 0.06796875
2 0.51875 0.3875 0.0265625 0.0546875
2 0.60234375 0.39140625 0.03046875 0.05078125
2 0.92109375 0.571875 0.153125 0.62109375
2 0.59140625 0.38203125 0.025 0.06015625