1 0.1703125 0.34921875 0.18359375 0.115625
2 0.05546875 0.3671875 0.10625 0.13125
1 0.54453125 0.3703125 0.0671875 0.1046875
2 0.6328125 0.4625 0.06796875 0.15
2 0.3890625 0.42109375 0.07421875 0.16015625
2 0.734375 0.42734375 0.04140625 0.1046875
1 0.3328125 0.3703125 0.0828125 0.1296875
2 0.690625 0.41796875 0.0296875 0.090625
2 0.77109375 0.409375 0.02890625 0.07421875
2 0.93046875 0.48515625 0.1390625 0.3515625
1 0.4515625 0.3828125 0.04453125 0.0921875
2 0.4953125 0.3921875 0.02421875 0.1234375