2 0.43359375 0.67109375 0.096875 0.22265625
2 0.140625 0.70546875 0.18125 0.3109375
2 0.32109375 0.58984375 0.14765625 0.13515625
2 0.6296875 0.57265625 0.021875 0.06640625
3 0.38984375 0.51640625 0.05390625 0.1109375
2 0.57578125 0.5734375 0.04296875 0.0921875
1 0.8921875 0.55625 0.03359375 0.046875
2 0.5109375 0.60625 0.07734375 0.1234375
2 0.728125 0.66484375 0.08984375 0.17890625
2 0.8296875 0.66640625 0.075 0.19140625
2 0.940625 0.6453125 0.0828125 0.1875
2 0.67109375 0.60234375 0.0296875 0.0765625