2 0.1390625 0.61640625 0.084375 0.18203125
2 0.2953125 0.6046875 0.08828125 0.18671875
2 0.39609375 0.60546875 0.0671875 0.12734375
2 0.22265625 0.5859375 0.0421875 0.121875
2 0.92109375 0.59453125 0.04453125 0.0546875
2 0.36484375 0.5953125 0.0375 0.1375
2 0.51171875 0.665625 0.071875 0.16640625
2 0.64375 0.73671875 0.12421875 0.24765625
2 0.46328125 0.64921875 0.053125 0.13515625
2 0.9578125 0.5875 0.046875 0.075
2 0.0265625 0.65234375 0.05234375 0.23203125
2 0.79296875 0.703125 0.09375 0.2265625