2 0.29375 0.61796875 0.09140625 0.15859375
2 0.68125 0.696875 0.0953125 0.21640625
2 0.59453125 0.63671875 0.05390625 0.13203125
2 0.20390625 0.61328125 0.071875 0.11640625
2 0.1234375 0.60546875 0.1078125 0.1109375
2 0.5390625 0.58828125 0.0328125 0.07421875
2 0.4578125 0.69375 0.096875 0.2265625
3 0.55546875 0.5578125 0.06328125 0.10546875
2 0.06015625 0.7734375 0.11796875 0.38203125
2 0.92890625 0.58515625 0.04296875 0.046875
2 0.94453125 0.5828125 0.0296875 0.05
2 0.8296875 0.66796875 0.06328125 0.178125