2 0.1578125 0.6125 0.08671875 0.16953125
2 0.37890625 0.61015625 0.07734375 0.125
2 0.503125 0.59375 0.034375 0.1
2 0.0359375 0.62734375 0.071875 0.2109375
2 0.4734375 0.58203125 0.028125 0.090625
2 0.56796875 0.6703125 0.07421875 0.17265625
2 0.0921875 0.6109375 0.06796875 0.1375
2 0.88125 0.5796875 0.0234375 0.05
2 0.2609375 0.69375 0.12109375 0.209375
2 0.8234375 0.6734375 0.0578125 0.153125
2 0.7203125 0.6203125 0.03203125 0.08203125
2 0.76875 0.596875 0.0234375 0.06953125
2 0.6875 0.58359375 0.01796875 0.053125