2 0.3671875 0.684375 0.1140625 0.25703125
3 0.6703125 0.55234375 0.0703125 0.178125
2 0.15625 0.6125 0.09609375 0.215625
2 0.26484375 0.59765625 0.0640625 0.15625
2 0.946875 0.62109375 0.028125 0.06015625
2 0.73046875 0.74609375 0.12890625 0.26171875
2 0.91796875 0.59921875 0.02109375 0.04375
2 0.3078125 0.58125 0.03984375 0.084375
2 0.98984375 0.6046875 0.01640625 0.046875
2 0.9765625 0.6046875 0.01875 0.0375
2 0.540625 0.59375 0.0265625 0.1015625
2 0.5078125 0.6015625 0.02578125 0.09140625
2 0.4859375 0.596875 0.01953125 0.084375
2 0.87265625 0.7390625 0.090625 0.23046875