2 0.1109375 0.7078125 0.1828125 0.2734375
2 0.409375 0.6671875 0.09375 0.21328125
2 0.3265625 0.58671875 0.09453125 0.11484375
2 0.2390625 0.578125 0.0640625 0.1171875
2 0.49765625 0.5796875 0.065625 0.13359375
2 0.61875 0.56796875 0.02109375 0.05625
1 0.8390625 0.55546875 0.02578125 0.040625
2 0.97109375 0.57265625 0.05546875 0.109375
2 0.8828125 0.63046875 0.0703125 0.16953125
2 0.70234375 0.66484375 0.0578125 0.184375
2 0.78828125 0.65859375 0.0484375 0.15546875
2 0.64921875 0.60234375 0.034375 0.109375
2 0.5703125 0.57578125 0.02109375 0.07890625
2 0.54453125 0.565625 0.01875 0.0734375