2 0.22578125 0.60390625 0.07578125 0.16171875
2 0.08046875 0.6875 0.1578125 0.31953125
2 0.4390625 0.6046875 0.0578125 0.1109375
2 0.5078125 0.6859375 0.084375 0.2171875
2 0.575 0.64453125 0.0640625 0.146875
2 0.396875 0.58984375 0.0453125 0.115625
3 0.6359375 0.56875 0.0375 0.07109375
2 0.18046875 0.6140625 0.10546875 0.17421875
2 0.65859375 0.58125 0.025 0.0609375
2 0.8265625 0.66484375 0.05703125 0.1484375
2 0.6984375 0.62421875 0.03359375 0.09296875
2 0.7578125 0.6015625 0.03046875 0.071875
2 0.296875 0.60078125 0.053125 0.13203125